<?xml version="1.0"?>
<opencv_storage>
<P2 type_id="opencv-matrix">
  <rows>3</rows>
  <cols>4</cols>
  <dt>d</dt>
  <data>
    9.9951273271296937e-01 -6.6555888029576115e-03
    3.0495905993070241e-02 -2.4563582630165510e+00
    6.4837606217847130e-03 9.9996256387371829e-01 5.7298952258580177e-03
    -3.2767821327728014e-02 -3.0532900170989752e-02
    -5.5293750809528057e-03 9.9951846807268274e-01
    1.1902814931767128e-01</data></P2>
</opencv_storage>
