<?xml version="1.0"?>
<opencv_storage>
<mtx_right type_id="opencv-matrix">
  <rows>3</rows>
  <cols>3</cols>
  <dt>d</dt>
  <data>
    4.2098066429351042e+02 0. 3.5215107610424377e+02 0.
    4.1883874376962319e+02 2.6451650945564108e+02 0. 0. 1.</data></mtx_right>
<distCoeffs_right type_id="opencv-matrix">
  <rows>1</rows>
  <cols>5</cols>
  <dt>d</dt>
  <data>
    -4.145817680730455312e-01 1.9912255098818049e-01
    -1.483209058846071172e-04 -1.368676043209615016e-03
    -5.113584619187533375e-02</data></distCoeffs_right>
</opencv_storage>
