<?xml version="1.0"?>
<opencv_storage>
<R1 type_id="opencv-matrix">
  <rows>3</rows>
  <cols>3</cols>
  <dt>d</dt>
  <data>
    9.9981676559166932e-01 6.9430867069755669e-03
    -1.7838968265918888e-02 -6.8962609861661656e-03
    9.9997261556530970e-01 2.6850891762567148e-03 1.7857122562824183e-02
    -2.5615749946444888e-03 9.9983726751273017e-01</data></R1>
<R2 type_id="opencv-matrix">
  <rows>3</rows>
  <cols>3</cols>
  <dt>d</dt>
  <data>
    9.9873936175937639e-01 1.3323183939345366e-02
    -4.8396074656854624e-02 -1.3466422980101483e-02
    9.9990585203842752e-01 -2.6348645938062119e-03
    4.8356413479439017e-02 3.2832649946461542e-03 9.9882474811469313e-01</data></R2>
<Q type_id="opencv-matrix">
  <rows>4</rows>
  <cols>4</cols>
  <dt>d</dt>
  <data>
    1. 0. 0. -3.3998702836036682e+02 0. 1. 0. -2.7992105354368687e+02 0.
    0. 0. 4.1674620506742389e+02 0. 0. 4.0659352375286906e-01 0.</data></Q>
<roi1 type_id="opencv-matrix">
  <rows>4</rows>
  <cols>1</cols>
  <dt>d</dt>
  <data>
    128. 0. 328. 466.</data></roi1>
<roi2 type_id="opencv-matrix">
  <rows>4</rows>
  <cols>1</cols>
  <dt>d</dt>
  <data>
    0. 0. 0. 0.</data></roi2>
</opencv_storage>
