<?xml version="1.0"?>
<opencv_storage>
<R type_id="opencv-matrix">
  <rows>3</rows>
  <cols>3</cols>
  <dt>d</dt>
  <data>
    9.9951273271296937e-01 -6.6555888029576115e-03
    3.0495905993070241e-02 6.4837606217847130e-03 9.9996256387371829e-01
    5.7298952258580177e-03 -3.0532900170989752e-02
    -5.5293750809528057e-03 9.9951846807268274e-01</data></R>
<T type_id="opencv-matrix">
  <rows>3</rows>
  <cols>1</cols>
  <dt>d</dt>
  <data>
    -2.4563582630165510e+00 -3.2767821327728014e-02
    1.1902814931767128e-01</data></T>
<E type_id="opencv-matrix">
  <rows>3</rows>
  <cols>3</cols>
  <dt>d</dt>
  <data>
    2.2874658999052036e-04 -1.1884250779013568e-01
    -3.3434061400088123e-02 4.3970409165402832e-02
    -1.4374328587251694e-02 2.4588053193400996e+00
    1.6825415661585536e-02 -2.4564843956231499e+00
    -1.3075391085447313e-02</data></E>
<F type_id="opencv-matrix">
  <rows>3</rows>
  <cols>3</cols>
  <dt>d</dt>
  <data>
    -2.8059030066635301e-07 1.4657224525498346e-04
    -2.2240895354570130e-02 -5.4211800760248914e-05
    1.7818978426813298e-05 -1.2491573772617992e+00
    5.7502030482518337e-03 1.2190994372776565e+00 1.</data></F>
</opencv_storage>
